159029
20008
155060
286092
100075
61060
46076
301007
26031
232038
45077
365025
188091
299091
181079
22090
370036
15088
22093
376020
187071
105053
271008
277095
198023
65074
189003
187029
103041
163014
56028
55075
41004
198054
28096
12003
187039
76002
42044
122048
145053
68077
361084
43083
236017
35058
66075
374020
94079
138078
292066
130034
59078
170054
385028
67079
365073
33066
166081
113009
227046
35091
309004
65132
372047
176039
285036
253036
274007
109034
108073
157036
100098
35008
92059
245051
209070
27059
176019
54005
249087
249061
317080
172032
147062
163062
140075
260081
353013
374067
164074
104022
135037
42078
134052
268002
16052
247085
302003
227040
246053
2092
183055
239096
216053
55067
71046
113044
207056
310007
169012
216041
198004
181091
181018
28075
41025
65019
80099
97017
65010
323016
311068
78019
135069
231015
23084
147021
159091
25098
8143
24004
23025
188005
145014
189011
48055
35010
15004
100080
161062
126039
254054
239007
118035
113016
238011
61086
151087
106025
159045
43070
112082
105019
368078
117054
134008
35070
388016
24063
140055
178054
90076
106020
368016
144067
216066
153093
293029
311081
124084
246016
156079
254033
95006
60079
225017
188063
326038
118020
12074
173036
187083
176035
187003
66039
153077
271031
23080
202012
196015
108041
376001
242078
138032
8049
314016
22013
87065
183087
